348696
408672
451122
505487
571276
563940
517636
461187
409248
360720
323592
283416
246560
217260
196373
172480
142230
110880
85293
70077
60840
57682
53326
51404
46982
48576
48330
50764
47988
44336
45360
49810
52326
58011
61440
62784
65715
69252
74210
83448
86480
94354
101781
101346
97273
103320
106227
110400
109926
104804
102180
108270
110026
113146
114111
113570
115140
115640
116063
119143
121688
117594
116028
110754
101835
96174
86940
84816
81405
80344
76096
73472
69290
72523
77040
81030
89535
95160
97510
105062
108540
111657
115360
112674
114594
115560
114532
114648
114226
108778
106624
102765
105570
108360
113742
114543
119706
120423
116000
109634
97353
92988
85410
81720
79778
78525
80040
77850
81081
81266
84812
88401
94770
100015
105963
114046
122430
131880
141169
134946
131108
127890
127576
124785
118150
119028
126720
128698
132540
138528
145137
141664
140556
127746
120099
108852
103598
97989
90015
81075
77847
74816
74482
68162
73595
77490
86505
96180
105840
112176
122295
128104
139650
137643
136136
133920
138138
140219
149058
150156
156219
158384
159432
159075
157947
153725
147840
138908
130383
121268
115775
114678
104538
98250
93456
81081
77252
79698
80503
79180
83916
87975
92460
96876
103334
110058
117520
123740
129250
134037
138670
146523
155648
160062
164840
168732
171196
170006
165608
162180
157500
154208
153594
149120
143010
137814
129183
130659
130917
131670
134208
136986
141226
144550
148092
147086
154635
158610
163389
163840
169106
170040
172920
172159
175500
181388
187680
193550
197467
195468
193851
187250
181304
175274
174384
168795
162504
152431
149380
146955
147798
149816
149264
151776
154690
155811
159712
158253
161656
155204
153280
145564
147561
148500
155427
158312
163328
165240
167826
165467
160839
155675
152163
147840
149072
150858
153634
151102
153209
157685
162130
164472
169692
173217
177776
180295
183222
179386
174348
164835
158916
154350
154208
154070
157628
158378
159512
161396
166912
169904
171312
166860
168119
165425
167328
162688
158046
157314
158445
153686
160776
164610
170008
174720
182268
184482
189544
180180
175808
172002
170796
167992
160821
160640
163000
162972
162648
159198
162426
163647
166860
171021
171150
169488
171348
170498
172860
169059
168732
165678
163488
165264
170544
172454
174041
173310
173016
171093
169694
167241
166586
165487
161500
159819
159451
160454
165120
167762
170498
171925
176880
178555
181026
183600
184077
181272
182382
179760
179140
177975
176774
173775
171021
169488
173512
173184
172528
170016
170093
164084
162000
155744
154840
147900
150737
148995
152500
154128
158826
159296
164830
168304
171402
173310
181028
180064
181500
183043
186698
187152
189679
186238
186868
185706
182182
179692
177354
172528
170498
167762
166080
163594
165360
164430
166005
168644
171303
172765
177973
181025
184516
188188
193908
194820
197800
201916
204687
201072
201348
196968
196272
195091
189679
185350
180360
174699
170625
167040
164840
162552
163280
161916
164736
166920
169874
171600
178002
181440
186550
190384
197315
199167
203399
206216
212400
213444
210240
206028
204612
202400
197096
193452
188573
181980
175296
170172
165508
161670
160085
157248
156744
157677
157988
157696
159650
161616
162031
164222
166314
166314
167794
169694
171476
172528
172590
170367
170232
168732
163255
160787
160368
156570
156464
153718
154227
152576
155952
154066
158166
159758
164016
164832
171120
173040
178920
181125
189080
188955
196283
198269
206226
207328
213150
211406
216294
214110
213408
211843
211552
205771
204863
199386
196860
192718
193438
189090
190568
190080
191649
190314
193966
193781
196876
197276
202722
201000
206040
206180
212711
214368
218680
217448
220785
219708
216804
214271
211552
205771
204863
199386
196860
192718
193438
189090
190568
190080
191649
190314
193966
193781
196876
197276
202722
201000
206040
206180
212711
214368
218680
217448
220785
219708
216804
214271
211552
205771
204863
199386
196860
192718
193438
189090
190568
190080
191649
190314
193966
193781
196876
197276
202722
201000
206040
206180
212711
214368
218680
217448
220785
219708
216804
214271
211552
205771
204863
199386
196860
192718
193438
189090
190568
190080
191649
190314
193966
193781
196876
197276
202722
201000
206040
206180
212711
214368
218680
217448
220785
219708
216804
214271
211552
205771
204863
199386
196860
192718
193438
189090
190568
190080
191649
190314
193966
193781
196876
197276
202722
201000
206040
206180
212711
214368
218680
217448
220785
219708
216804
214271
211552
205771
204863
199386
196860
192718
193438
189090
190568
190080
191649
190314
193966
193781
196876
197276
202722
201000
206040
206180
212711
214368
218680
217448
220785
219708
216804
214271
211552
205771
204863
199386
196860
192718
193438
189090
190568
190080
191649
190314
193966
193781
196876
197276
202722
201000
206040
206180
212711
214368
218680
217448
220785
219708
216804
214271
211552
205771
204863
199386
196860
192718
193438
189090
190568
190080
191649
190314
193966
193781
196876
197276
202722
201000
206040
206180
212711
214368
218680
217448
220785
219708
216804
214271
211552
205771
204863
199386
196860
192718
193438
189090
190568
190080
191649
190314
193966
193781
196876
197276
202722
201000
206040
206180
212711
214368
218680
217448
220785
219708
216804
214271
211552
205771
204863
199386
196860
192718
193438
189090
190568
190080
191649
190314
193966
193781
196876
197276
202722
201000
206040
206180
212711
214368
218680
217448
220785
219708
216804
214271
211552
205771
204863
199386
196860
192718
193438
189090
190568
190080
191649
190314
193966
193781
196876
197276
202722
201000
206040
206180
212711
214368
218680
217448
220785
219708
216804
214271
211552
205771
204863
199386
196860
192718
193438
189090
190568
190080
191649
190314
193966
193781
196876
197276
202722
201000
206040
206180
212711
214368
218680
217448
220785
219708
216804
214271
211552
205771
204863
199386
196860
192718
193438
189090
190568
190080
191649
190314
193966
193781
196876
197276
202722
201000
206040
206180
212711
214368
218680
217448
220785
219708
216804
214271
211552
205771
204863
199386
196860
192718
193438
189090
190568
190080
191649
190314
193966
193781
196876
197276
202722
201000
206040
206180
212711
214368
218680
217448
220785
219708
216804
214271
211552
205771
204863
199386
196860
192718
193438
189090
190568
190080
191649
190314
193966
193781
196876
197276
202722
201000
206040
206180
212711
214368
218680
217448
220785
219708
216804
214271
211552
205771
204863
199386
196860
192718
193438
189090
190568
190080
191649
190314
193966
193781
196876
197276
202722
201000
206040
206180
212711
214368
218680
217448
220785
219708
216804
214271
211552
205771
204863
199386
196860
192718
193438
189090
190568
190080
191649
190314
193966
193781
196876
197276
202722
201000
206040
206180
212711
214368
218680
217448
220785
219708
216804
214271
211552
205771
204863
199386
196860
192718
193438
189090
190568
190080
191649
190314
193966
193781
196876
197276
202722
201000
206040
206180
212711
214368
218680
217448
220785
219708
216804
214271
211552
205771
204863
199386
196860
192718
193438
189090
190568
190080
191649
190314
193966
193781
196876
197276
202722
201000
206040
206180
212711
214368
218680
217448
220785
219708
216804
214271
211552
205771
204863
199386
196860
192718
193438
189090
190568
190080
191649
190314
193966
193781
196876
197276
202722
201000
206040
206180
212711
214368
218680
217448
220785
219708
216804
214271
211552
205771
204863
199386
196860
192718
193438
189090
190568
190080
191649
190314
193966
193781
196876
197276
202722
201000
206040
206180
212711
214368
218680
217448
220785
219708
216804
214271
211552
205771
204863
199386
196860
192718
193438
189090
190568
190080
191649
190314
193966
193781
196876
197276
202722
201000
206040
206180
212711
214368
218680
217448
220785
219708
216804
214271
211552
205771
204863
199386
196860
192718
193438
189090
190568
190080
191649
190314
193966
193781
196876
197276
202722
201000
206040
206180
212711
214368
218680
217448
220785
219708
216804
214271
211552
205771
204863
199386
196860
192718
193438
189090
190568
190080
191649
190314
193966
193781
196876
197276
202722
201000
206040
206180
212711
214368
218680
217448
220785
219708
216804
214271
211552
205771
204863
199386
196860
192718
193438
189090
190568
190080
191649
190314
193966
193781
196876
197276
202722
201000
206040
206180
212711
214368
218680
217448
220785
219708
216804
214271
211552
205771
204863
199386
196860
192718
193438
189090
190568
190080
191649
190314
193966
193781
196876
197276
202722
201000
206040
206180
212711
214368
218680
217448
220785
219708
216804
214271
211552
205771
204863
199386
196860
192718
193438
189090
190568
190080
191649
190314
193966
193781
196876
197276
202722
201000
206040
206180
212711
214368
218680
217448
220785
219708
216804
214271
211552
205771
204863
199386
196860
192718
193438
189090
190568
190080
191649
190314
193966
193781
196876
197276
202722
201000
206040
206180
212711
214368
218680
217448
220785
219708
216804
214271
211552
205771
204863
199386
196860
192718
193438
189090
190568
190080
191649
190314
193966
193781
196876
197276
202722
201000
206040
206180
212711
214368
218680
217448
220785
219708
216804
214271
211552
205771
204863
199386
196860
192718
193438
189090
190568
190080
191649
190314
193966
193781
196876
197276
202722
201000
206040
206180
212711
214368
218680
217448
220785
219708
216804
214271
211552
205771
204863
199386
196860
192718
193438
189090
190568
190080
191649
190314
193966
193781
196876
197276
202722
201000
206040
206180
212711
214368
218680
217448
220785
219708
216804
214271
211552
205771
204863
199386
196860
192718
193438
189090
190568
190080
191649
190314
193966
193781
196876
197276
202722
201000
206040
206180
212711
214368
218680
217448
220785
219708
216804
214271
211552
205771
204863
199386
196860
192718
193438
189090
190568
190080
191649
190314
193966
193781
196876
197276
202722
201000
206040
206180
212711
214368
218680
217448
220785
219708
216804
214271
211552
205771
204863
199386
196860
192718
193438
189090
190568
190080
191649
190314
193966
193781
196876
197276
202722
201000
206040
206180
212711
214368
218680
217448
220785
219708
216804
214271
211552
205771
204863
199386
196860
192718
193438
189090
190568
190080
191649
190314
193966
193781
196876
197276
202722
201000
206040
206180
212711
214368
218680
217448
220785
219708
216804
214271
211552
205771
204863
199386
196860
192718
193438
189090
190568
190080
191649
190314
193966
193781
196876
197276
202722
201000
206040
206180
212711
214368
218680
217448
220785
219708
216804
214271
211552
205771
204863
199386
196860
192718
193438
189090
190568
190080
191649
190314
193966
193781
196876
197276
202722
201000
206040
206180
212711
214368
218680
217448
220785
219708
216804
214271
211552
205771
204863
199386
196860
192718
193438
189090
190568
190080
191649
190314
193966
193781
196876
197276
202722
201000
206040
206180
212711
214368
218680
217448
220785
219708
216804
214271
211552
205771
204863
199386
196860
192718
193438
189090
190568
190080
191649
190314
193966
193781
196876
197276
202722
201000
206040
206180
212711
214368
218680
217448
220785
219708
216804
214271
211552
205771
204863
199386
196860
192718
193438
189090
190568
190080
191649
190314
193966
193781
196876
197276
202722
201000
206040
206180
212711
214368
218680
217448
220785
219708
216804
214271
211552
205771
204863
199386
196860
192718
193438
189090
190568
190080
191649
190314
193966
193781
196876
197276
202722
201000
206040
206180
212711
214368
218680
217448
220785
219708
216804
214271
211552
205771
204863
199386
196860
192718
193438
189090
190568
190080
191649
190314
193966
193781
196876
197276
202722
201000
206040
206180
212711
214368
218680
217448
220785
219708
216804
214271
211552
205771
204863
199386
196860
192718
193438
189090
190568
190080
191649
190314
193966
193781
196876
197276
202722
201000
206040
206180
212711
214368
218680
217448
220785
219708
216804
214271
211552
205771
204863
199386
196860
192718
193438
189090
190568
190080
191649
190314
193966
193781
196876
197276
202722
201000
206040
206180
212711
214368
218680
217448
220785
219708
216804
214271
211552
205771
204863
199386
196860
192718
193438
189090
190568
190080
191649
190314
193966
193781
196876
197276
202722
201000
206040
206180
212711
214368
218680
217448
220785
219708
216804
214271
211552
205771
204863
199386
196860
192718
193438
189090
190568
190080
191649
190314
193966
193781
196876
197276
202722
201000
206040
206180
212711
214368
218680
217448
220785
219708
216804
214271
211552
205771
204863
199386
196860
192718
193438
189090
190568
190080
191649
190314
193966
193781
196876
197276
202722
201000
206040
206180
212711
214368
218680
217448
220785
219708
216804
214271
211552
205771
204863
199386
196860
192718
193438
189090
190568
190080
191649
190314
193966
193781
196876
197276
202722
201000
206040
206180
212711
214368
218680
217448
220785
219708
216804
214271
211552
205771
204863
199386
196860
192718
193438
189090
190568
190080
191649
190314
193966
193781
196876
197276
202722
201000
206040
206180
212711
214368
218680
217448
220785
219708
216804
214271
211552
205771
204863
199386
196860
192718
193438
189090
190568
190080
191649
190314
193966
193781
196876
197276
202722
201000
206040
206180
212711
214368
218680
217448
220785
219708
216804
214271
211552
205771
204863
199386
196860
192718
193438
189090
190568
190080
191649
190314
193966
193781
196876
197276
202722
201000
206040
206180
212711
214368
218680
217448
220785
219708
216804
214271
211552
205771
204863
199386
196860
192718
193438
189090
190568
190080
191649
190314
193966
193781
196876
197276
202722
201000
206040
206180
212711
214368
218680
217448
220785
219708
216804
214271
211552
205771
204863
199386
196860
192718
193438
189090
190568
190080
191649
190314
193966
193781
196876
197276
202722
201000
206040
206180
212711
214368
218680
217448
220785
219708
216804
214271
211552
205771
204863
199386
196860
192718
193438
189090
190568
190080
191649
190314
193966
193781
196876
197276
202722
201000
206040
206180
212711
214368
218680
217448
220785
219708
216804
214271
211552
205771
204863
199386
196860
192718
193438
189090
190568
190080
191649
190314
193966
193781
196876
197276
202722
201000
206040
206180
212711
214368
218680
217448
220785
219708
216804
214271
211552
205771
204863
199386
196860
192718
193438
189090
190568
190080
191649
190314
193966
193781
196876
197276
202722
201000
206040
206180
212711
214368
218680
217448
220785
219708
216804
214271
211552
205771
204863
199386
196860
192718
193438
189090
190568
190080
191649
190314
193966
193781
196876
197276
202722
201000
206040
206180
212711
214368
218680
217448
220785
219708
216804
214271
211552
205771
204863
199386
196860
192718
193438
189090
190568
190080
191649
190314
193966
193781
196876
197276
202722
201000
206040
206180
212711
214368
218680
217448
220785
219708
216804
214271
211552
205771
204863
199386
196860
192718
193438
189090
190568
190080
191649
190314
193966
193781
196876
197276
202722
201000
206040
206180
212711
214368
218680
217448
220785
219708
216804
214271
211552
205771
204863
199386
196860
192718
193438
189090
190568
190080
191649
190314
193966
193781
196876
197276
202722
201000
206040
206180
212711
214368
218680
217448
220785
219708
216804
214271
211552
205771
204863
199386
196860
192718
193438
189090
190568
190080
191649
190314
193966
193781
196876
197276
202722
201000
206040
206180
212711
214368
218680
217448
220785
219708
216804
214271
211552
205771
204863
199386
196860
192718
193438
189090
190568
190080
191649
190314
193966
193781
196876
197276
202722
201000
206040
206180
212711
214368
218680
217448
220785
219708
216804
214271
211552
205771
204863
199386
196860
192718
193438
189090
190568
190080
191649
190314
193966
193781
196876
197276
202722
201000
206040
206180
212711
214368
218680
217448
220785
219708
216804
214271
211552
205771
204863
199386
196860
192718
193438
189090
190568
190080
191649
190314
193966
193781
196876
197276
202722
201000
206040
206180
212711
214368
218680
217448
220785
219708
216804
214271
211552
205771
204863
199386
196860
192718
193438
189090
190568
190080
191649
190314
193966
193781
196876
197276
202722
201000
206040
206180
212711
214368
218680
217448
220785
219708
216804
214271
211552
205771
204863
199386
196860
192718
193438
189090
190568
190080
191649
190314
193966
193781
196876
197276
202722
201000
206040
206180
212711
214368
218680
217448
220785
219708
216804
214271
211552
205771
204863
199386
196860
192718
193438
189090
190568
190080
191649
190314
193966
193781
196876
197276
202722
201000
206040
206180
212711
214368
218680
217448
220785
219708
216804
214271
211552
205771
204863
199386
196860
192718
193438
189090
190568
190080
191649
190314
193966
193781
196876
197276
202722
201000
206040
206180
212711
214368
218680
217448
220785
219708
216804
214271
211552
205771
204863
199386
196860
192718
193438
189090
190568
190080
191649
190314
193966
193781
196876
197276
202722
201000
206040
206180
212711
214368
218680
217448
220785
219708
216804
214271
211552
205771
204863
199386
196860
192718
193438
189090
190568
190080
191649
190314
193966
193781
196876
197276
202722
201000
206040
206180
212711
214368
218680
217448
220785
219708
216804
214271
211552
205771
204863
199386
196860
192718
193438
189090
190568
190080
191649
190314
193966
193781
196876
197276
202722
201000
206040
206180
212711
214368
218680
217448
220785
219708
216804
214271
211552
205771
204863
199386
196860
192718
193438
189090
190568
190080
191649
190314
193966
193781
196876
197276
202722
201000
206040
206180
212711
214368
218680
217448
220785
219708
216804
214271
211552
205771
204863
199386
196860
192718
193438
189090
190568
190080
191649
190314
193966
193781
196876
197276
202722
201000
206040
206180
212711
214368
218680
217448
220785
219708
216804
214271
211552
205771
204863
199386
196860
192718
193438
189090
190568
190080
191649
190314
193966
193781
196876
197276
202722
201000
206040
206180
212711
214368
218680
217448
220785
219708
216804
214271
211552
205771
204863
199386
196860
192718
193438
189090
190568
190080
191649
190314
193966
193781
196876
197276
202722
201000
206040
206180
212711
214368
218680
217448
220785
219708
216804
214271
211552
205771
204863
199386
196860
192718
193438
189090
190568
190080
191649
190314
193966
193781
196876
197276
202722
201000
206040
206180
212711
214368
218680
217448
220785
219708
216804
214271
211552
205771
204863
199386
196860
192718
193438
189090
190568
190080
191649
190314
193966
193781
196876
197276
202722
201000
206040
206180
212711
214368
218680
217448
220785
219708
216804
214271
211552
205771
204863
199386
196860
192718
193438
189090
190568
190080
191649
190314
193966
193781
196876
197276
202722
201000
206040
206180
212711
214368
218680
217448
220785
219708
216804
214271
211552
205771
204863
199386
196860
192718
193438
189090
190568
190080
191649
190314
193966
193781
196876
197276
202722
201000
206040
206180
212711
214368
218680
217448
220785
219708
216804
214271
211552
205771
204863
199386
196860
192718
193438
189090
190568
190080
191649
190314
193966
193781
196876
197276
202722
201000
206040
206180
212711
214368
218680
217448
220785
219708
216804
214271
211552
205771
204863
199386
196860
192718
193438
189090
190568
190080
191649
190314
193966
193781
196876
197276
202722
201000
206040
206180
212711
214368
218680
217448
220785
219708
216804
214271
211552
205771
204863
199386
196860
192718
193438
189090
190568
190080
191649
190314
193966
193781
196876
197276
202722
201000
206040
206180
212711
214368
218680
217448
220785
219708
216804
214271
211552
205771
204863
199386
196860
192718
193438
189090
190568
190080
191649
190314
193966
193781
196876
197276
202722
201000
206040
206180
212711
214368
218680
217448
220785
219708
216804
214271
211552
205771
204863
199386
196860
192718
193438
189090
190568
190080
191649
190314
193966
193781
196876
197276
202722
201000
206040
206180
212711
214368
218680
217448
220785
219708
216804
214271
211552
205771
204863
199386
196860
192718
193438
189090
190568
190080
191649
190314
193966
193781
196876
197276
202722
201000
206040
206180
212711
214368
218680
217448
220785
219708
216804
214271
211552
205771
204863
199386
196860
192718
193438
189090
190568
190080
191649
190314
193966
193781
196876
197276
202722
201000
206040
206180
212711
214368
218680
217448
220785
219708
216804
214271
211552
205771
204863
199386
196860
192718
193438
189090
190568
190080
191649
190314
193966
193781
196876
197276
202722
201000
206040
206180
212711
214368
218680
217448
220785
219708
216804
214271
211552
205771
204863
199386
196860
192718
193438
189090
190568
190080
191649
190314
193966
193781
196876
197276
202722
201000
206040
206180
212711
214368
218680
217448
220785
219708
216804
214271
211552
205771
204863
199386
196860
192718
193438
189090
190568
190080
191649
190314
193966
193781
196876
197276
202722
201000
206040
206180
212711
214368
218680
217448
220785
219708
216804
214271
211552
205771
204863
199386
196860
192718
193438
189090
190568
190080
191649
190314
193966
193781
196876
197276
202722
201000
206040
206180
212711
214368
218680
217448
220785
219708
216804
214271
211552
205771
204863
199386
196860
192718
193438
189090
190568
190080
191649
190314
193966
193781
196876
197276
202722
201000
206040
206180
212711
214368
218680
217448
220785
219708
216804
214271
211552
205771
204863
199386
196860
192718
193438
189090
190568
190080
191649
190314
193966
193781
196876
197276
202722
201000
206040
206180
212711
214368
218680
217448
220785
219708
216804
214271
211552
205771
204863
199386
196860
192718
193438
189090
190568
190080
191649
190314
193966
193781
196876
197276
202722
201000
206040
206180
212711
214368
218680
217448
220785
219708
216804
214271
211552
205771
204863
199386
196860
192718
193438
189090
190568
190080
191649
190314
193966
193781
196876
197276
202722
201000
206040
206180
212711
214368
218680
217448
220785
219708
216804
214271
211552
205771
204863
199386
196860
192718
193438
189090
190568
190080
191649
190314
193966
193781
196876
197276
202722
201000
206040
206180
212711
214368
218680
217448
220785
219708
216804
214271
211552
205771
204863
199386
196860
192718
193438
189090
190568
190080
191649
190314
193966
193781
196876
197276
202722
201000
206040
206180
212711
214368
218680
217448
220785
219708
216804
214271
211552
205771
204863
199386
196860
192718
193438
189090
190568
190080
191649
190314
193966
193781
196876
197276
202722
201000
206040
206180
212711
214368
218680
217448
220785
219708
216804
214271
211552
205771
204863
199386
196860
192718
193438
189090
190568
190080
191649
190314
193966
193781
196876
197276
202722
201000
206040
206180
212711
214368
218680
217448
220785
219708
216804
214271
211552
205771
204863
199386
196860
192718
193438
189090
190568
190080
191649
190314
193966
193781
196876
197276
202722
201000
206040
206180
212711
214368
218680
217448
220785
219708
216804
214271
211552
205771
204863
199386
196860
192718
193438
189090
190568
190080
191649
190314
193966
193781
196876
197276
202722
201000
206040
206180
212711
214368
218680
217448
220785
219708
216804
214271
211552
205771
204863
199386
196860
192718
193438
189090
190568
190080
191649
190314
193966
193781
196876
197276
202722
201000
206040
206180
212711
214368
218680
217448
220785
219708
216804
214271
211552
205771
204863
199386
196860
192718
193438
189090
190568
190080
191649
190314
193966
193781
196876
197276
202722
201000
206040
206180
212711
214368
218680
217448
220785
219708
216804
214271
211552
205771
204863
199386
196860
192718
193438
189090
190568
190080
191649
190314
193966
193781
196876
197276
202722
201000
206040
206180
212711
214368
218680
217448
220785
219708
216804
214271
211552
205771
204863
199386
196860
192718
193438
189090
190568
190080
191649
190314
193966
193781
196876
197276
202722
201000
206040
206180
212711
214368
218680
217448
220785
219708
216804
214271
211552
205771
204863
199386
196860
192718
193438
189090
190568
190080
191649
190314
193966
193781
196876
197276
202722
201000
206040
206180
212711
214368
218680
217448
220785
219708
216804
214271
211552
205771
204863
199386
196860
192718
193438
189090
190568
190080
191649
190314
193966
193781
196876
197276
202722
201000
206040
206180
212711
214368
218680
217448
220785
219708
216804
214271
211552
205771
204863
199386
196860
192718
193438
189090
190568
190080
191649
190314
193966
193781
196876
197276
202722
201000
206040
206180
212711
214368
218680
217448
220785
219708
216804
214271
211552
205771
204863
199386
196860
192718
193438
189090
190568
190080
191649
190314
193966
193781
196876
197276
202722
201000
206040
206180
212711
214368
218680
217448
220785
219708
216804
214271
211552
205771
204863
199386
196860
192718
193438
189090
190568
190080
191649
190314
193966
193781
196876
197276
202722
201000
206040
206180
212711
214368
218680
217448
220785
219708
216804
214271
211552
205771
204863
199386
196860
192718
193438
189090
190568
190080
191649
190314
193966
193781
196876
197276
202722
201000
206040
206180
212711
214368
218680
217448
220785
219708
216804
214271
211552
205771
204863
199386
196860
192718
193438
189090
190568
190080
191649
190314
193966
193781
196876
197276
202722
201000
206040
206180
212711
214368
218680
217448
220785
219708
216804
214271
211552
205771
204863
199386
196860
192718
193438
189090
190568
190080
191649
190314
193966
193781
196876
197276
202722
201000
206040
206180
212711
214368
218680
217448
220785
219708
216804
214271
211552
205771
204863
199386
196860
192718
193438
189090
190568
190080
191649
190314
193966
193781
196876
197276
202722
201000
206040
206180
212711
214368
218680
217448
220785
219708
216804
214271
211552
205771
204863
199386
196860
192718
193438
189090
190568
190080
191649
190314
193966
193781
196876
197276
202722
201000
206040
206180
212711
214368
218680
217448
220785
219708
216804
214271
211552
205771
204863
199386
196860
192718
193438
189090
190568
190080
191649
190314
193966
193781
196876
197276
202722
201000
206040
206180
212711
214368
218680
217448
220785
219708
216804
214271
211552
205771
204863
199386
196860
192718
193438
189090
190568
190080
191649
190314
193966
193781
196876
197276
202722
201000
206040
206180
212711
214368
218680
217448
220785
219708
216804
214271
211552
205771
204863
199386
196860
192718
193438
189090
190568
190080
191649
190314
193966
193781
196876
197276
202722
201000
206040
206180
212711
214368
218680
217448
220785
219708
216804
214271
211552
205771
204863
199386
196860
192718
193438
189090
190568
190080
191649
190314
193966
193781
196876
197276
202722
201000
206040
206180
212711
214368
218680
217448
220785
219708
216804
214271
211552
205771
204863
199386
196860
192718
193438
189090
190568
190080
191649
190314
193966
193781
196876
197276
202722
201000
206040
206180
212711
214368
218680
217448
220785
219708
216804
214271
211552
205771
204863
199386
196860
192718
193438
189090
190568
190080
191649
190314
193966
193781
196876
197276
202722
201000
206040
206180
212711
214368
218680
217448
220785
219708
216804
214271
211552
205771
204863
199386
196860
192718
193438
189090
190568
190080
191649
190314
193966
193781
196876
197276
202722
201000
206040
206180
212711
214368
218680
217448
220785
219708
216804
214271
211552
205771
204863
199386
196860
192718
193438
189090
190568
190080
191649
190314
193966
193781
196876
197276
202722
201000
206040
206180
212711
214368
218680
217448
220785
219708
216804
214271
211552
205771
204863
199386
196860
192718
193438
189090
190568
190080
191649
190314
193966
193781
196876
197276
202722
201000
206040
206180
212711
214368
218680
217448
220785
219708
216804
214271
211552
205771
204863
199386
196860
192718
193438
189090
190568
190080
191649
190314
193966
193781
196876
197276
202722
201000
206040
206180
212711
214368
218680
217448
220785
219708
216804
214271
211552
205771
204863
199386
196860
192718
193438
189090
190568
190080
191649
190314
193966
193781
196876
197276
202722
201000
206040
206180
212711
214368
218680
217448
220785
219708
216804
214271
211552
205771
204863
199386
196860
192718
193438
189090
190568
190080
191649
190314
193966
193781
196876
197276
202722
201000
206040
206180
212711
214368
218680
217448
220785
219708
216804
214271
211552
205771
204863
199386
196860
192718
193438
189090
190568
190080
191649
190314
193966
193781
196876
197276
202722
201000
206040
206180
212711
214368
218680
217448
220785
219708
216804
214271
211552
205771
204863
199386
196860
192718
193438
189090
190568
190080
191649
190314
193966
193781
196876
197276
202722
201000
206040
206180
212711
214368
218680
217448
220785
219708
216804
214271
211552
205771
204863
199386
196860
192718
193438
189090
190568
190080
191649
190314
193966
193781
196876
197276
202722
201000
206040
206180
212711
214368
218680
217448
220785
219708
216804
214271
211552
205771
204863
199386
196860
192718
193438
189090
190568
190080
191649
190314
193966
193781
196876
197276
202722
201000
206040
206180
212711
214368
218680
217448
220785
219708
216804
214271
211552
205771
204863
199386
196860
192718
193438
189090
190568
190080
191649
190314
193966
193781
196876
197276
202722
201000
206040
206180
212711
214368
218680
217448
220785
219708
216804
214271
211552
205771
204863
199386
196860
192718
193438
189090
190568
190080
191649
190314
193966
193781
196876
197276
202722
201000
206040
206180
212711
214368
218680
217448
220785
219708
216804
214271
211552
205771
204863
199386
196860
192718
193438
189090
190568
190080
191649
190314
193966
193781
196876
197276
202722
201000
206040
206180
212711
214368
218680
217448
220785
219708
216804
214271
211552
205771
204863
199386
196860
192718
193438
189090
190568
190080
191649
190314
193966
193781
196876
197276
202722
201000
206040
206180
212711
214368
218680
217448
220785
219708
216804
214271
211552
205771
204863
199386
196860
192718
193438
189090
190568
190080
191649
190314
193966
193781
196876
197276
202722
201000
206040
206180
212711
214368
218680
217448
220785
219708
216804
214271
211552
205771
204863
199386
196860
192718
193438
189090
190568
190080
191649
190314
193966
193781
196876
197276
202722
201000
206040
206180
212711
214368
218680
217448
220785
219708
216804
214271
211552
205771
204863
199386
196860
192718
193438
189090
190568
190080
191649
190314
193966
193781
196876
197276
202722
201000
206040
206180
212711
214368
218680
217448
220785
219708
216804
214271
211552
205771
204863
199386
196860
192718
193438
189090
190568
190080
191649
190314
193966
193781
196876
197276
202722
201000
206040
206180
212711
214368
218680
217448
220785
219708
216804
214271
211552
205771
204863
199386
196860
192718
193438
189090
190568
190080
191649
190314
193966
193781
196876
197276
202722
201000
206040
206180
212711
214368
218680
217448
220785
219708
216804
214271
211552
205771
204863
199386
196860
192718
193438
189090
190568
190080
191649
190314
193966
193781
196876
197276
202722
201000
206040
206180
212711
214368
218680
217448
220785
219708
216804
214271
211552
205771
204863
199386
196860
192718
193438
189090
190568
190080
191649
190314
193966
193781
196876
197276
202722
201000
206040
206180
212711
214368
218680
217448
220785
219708
216804
214271
211552
205771
204863
199386
196860
192718
193438
189090
190568
190080
191649
190314
193966
193781
196876
197276
202722
201000
206040
206180
212711
214368
218680
217448
220785
219708
216804
214271
211552
205771
204863
199386
196860
192718
193438
189090
190568
190080
191649
190314
193966
193781
196876
197276
202722
201000
206040
206180
212711
214368
218680
217448
220785
219708
216804
214271
211552
205771
204863
199386
196860
192718
193438
189090
190568
190080
191649
190314
193966
193781
196876
197276
202722
201000
206040
206180
212711
214368
218680
217448
220785
219708
216804
214271
211552
205771
204863
199386
196860
192718
193438
189090
190568
190080
191649
190314
193966
193781
196876
197276
202722
201000
206040
206180
212711
214368
218680
217448
220785
219708
216804
214271
211552
205771
204863
199386
196860
192718
193438
189090
190568
190080
191649
190314
193966
193781
196876
197276
202722
201000
206040
206180
212711
214368
218680
217448
220785
219708
216804
214271
211552
205771
204863
199386
196860
192718
193438
189090
190568
190080
191649
190314
193966
193781
196876
197276
202722
201000
206040
206180
212711
214368
218680
217448
220785
219708
216804
214271
211552
205771
204863
199386
196860
192718
193438
189090
190568
190080
191649
190314
193966
193781
196876
197276
202722
201000
206040
206180
212711
214368
218680
217448
220785
219708
216804
214271
211552
205771
204863
199386
196860
192718
193438
189090
190568
190080
191649
190314
193966
193781
196876
197276
202722
201000
206040
206180
212711
214368
218680
217448
220785
219708
216804
214271
211552
205771
204863
199386
196860
192718
193438
189090
190568
190080
191649
190314
193966
193781
196876
197276
202722
201000
206040
206180
212711
214368
218680
217448
220785
219708
216804
214271
211552
205771
204863
199386
196860
192718
193438
189090
190568
190080
191649
190314
193966
193781
196876
197276
202722
201000
206040
206180
212711
214368
218680
217448
220785
219708
216804
214271
211552
205771
204863
199386
196860
192718
193438
189090
190568
190080
191649
190314
193966
193781
196876
197276
202722
201000
206040
206180
212711
214368
218680
217448
220785
219708
216804
214271
211552
205771
204863
199386
196860
192718
193438
189090
190568
190080
191649
190314
193966
193781
196876
197276
202722
201000
206040
206180
212711
214368
218680
217448
220785
219708
216804
214271
211552
205771
204863
199386
196860
192718
193438
189090
190568
190080
191649
190314
193966
193781
196876
197276
202722
201000
206040
206180
212711
214368
218680
217448
220785
219708
216804
214271
211552
205771
204863
199386
196860
192718
193438
189090
190568
190080
191649
190314
193966
193781
196876
197276
202722
201000
206040
206180
212711
214368
218680
217448
220785
219708
216804
214271
211552
205771
204863
199386
196860
192718
193438
189090
190568
190080
191649
190314
193966
193781
196876
197276
202722
201000
206040
206180
212711
214368
218680
217448
220785
219708
216804
214271
211552
205771
204863
199386
196860
192718
193438
189090
190568
190080
191649
190314
193966
193781
196876
197276
202722
201000
206040
206180
212711
214368
218680
217448
220785
219708
216804
214271
211552
205771
204863
199386
196860
192718
193438
189090
190568
190080
191649
190314
193966
193781
196876
197276
202722
201000
206040
206180
212711
214368
218680
217448
220785
219708
216804
214271
211552
205771
204863
199386
196860
192718
193438
189090
190568
190080
191649
190314
193966
193781
196876
197276
202722
201000
206040
206180
212711
214368
218680
217448
220785
219708
216804
214271
211552
205771
204863
199386
196860
192718
193438
189090
190568
190080
191649
190314
193966
193781
196876
197276
202722
201000
206040
206180
212711
214368
218680
217448
220785
219708
216804
214271
211552
205771
204863
199386
196860
192718
193438
189090
190568
190080
191649
190314
